# https://physics.nist.gov/cgi-bin/Xcom/xcom3_1
# photon energy [MeV], cross section cm^2/g
1.000E-03 1.327E+01
1.081E-03 1.317E+01
1.168E-03 1.306E+01
1.168E-03 1.306E+01
1.246E-03 1.296E+01
1.329E-03 1.286E+01
1.329E-03 1.286E+01
1.500E-03 1.263E+01
2.000E-03 1.196E+01
3.000E-03 1.071E+01
3.332E-03 1.032E+01
3.332E-03 1.032E+01
3.410E-03 1.023E+01
3.491E-03 1.014E+01
3.491E-03 1.014E+01
4.000E-03 9.590E+00
4.046E-03 9.543E+00
4.046E-03 9.543E+00
4.421E-03 9.167E+00
4.830E-03 8.777E+00
4.830E-03 8.777E+00
5.000E-03 8.624E+00
5.182E-03 8.461E+00
5.182E-03 8.461E+00
6.000E-03 7.789E+00
8.000E-03 6.426E+00
1.000E-02 5.378E+00
1.500E-02 3.639E+00
1.630E-02 3.322E+00
1.630E-02 3.322E+00
1.792E-02 2.980E+00
1.969E-02 2.663E+00
1.969E-02 2.663E+00
2.000E-02 2.613E+00
2.047E-02 2.539E+00
2.047E-02 2.539E+00
3.000E-02 1.539E+00
4.000E-02 1.034E+00
5.000E-02 7.441E-01
6.000E-02 5.590E-01
8.000E-02 3.511E-01
1.000E-01 2.435E-01
1.097E-01 2.086E-01
1.097E-01 2.086E-01
1.500E-01 1.214E-01
2.000E-01 7.267E-02
3.000E-01 3.483E-02
4.000E-01 2.047E-02
5.000E-01 1.346E-02
6.000E-01 9.514E-03
8.000E-01 5.474E-03
1.000E+00 3.550E-03
1.022E+00 3.402E-03
1.250E+00 2.297E-03
1.500E+00 1.606E-03
2.000E+00 9.104E-04
2.044E+00 8.723E-04
3.000E+00 4.075E-04
4.000E+00 2.297E-04
5.000E+00 1.472E-04
6.000E+00 1.023E-04
7.000E+00 7.521E-05
8.000E+00 5.759E-05
9.000E+00 4.552E-05
1.000E+01 3.688E-05
1.100E+01 3.047E-05
1.200E+01 2.561E-05
1.300E+01 2.182E-05
1.400E+01 1.882E-05
1.500E+01 1.639E-05
1.600E+01 1.441E-05
1.800E+01 1.139E-05
2.000E+01 9.224E-06
2.200E+01 7.622E-06
2.400E+01 6.405E-06
2.600E+01 5.458E-06
2.800E+01 4.705E-06
3.000E+01 4.101E-06
4.000E+01 2.306E-06
5.000E+01 1.476E-06
6.000E+01 1.025E-06
8.000E+01 5.764E-07
1.000E+02 3.691E-07
1.500E+02 1.640E-07
2.000E+02 9.224E-08
3.000E+02 4.101E-08
4.000E+02 2.306E-08
5.000E+02 1.476E-08
6.000E+02 1.025E-08
8.000E+02 5.764E-09
1.000E+03 3.691E-09
1.500E+03 1.640E-09
2.000E+03 9.224E-10
3.000E+03 4.101E-10
4.000E+03 2.306E-10
5.000E+03 1.476E-10
6.000E+03 1.025E-10
8.000E+03 5.764E-11
1.000E+04 3.691E-11
1.500E+04 1.640E-11
2.000E+04 9.224E-12
3.000E+04 4.101E-12
4.000E+04 2.306E-12
5.000E+04 1.476E-12
6.000E+04 1.025E-12
8.000E+04 5.764E-13
1.000E+05 3.691E-13
